868
410 517
167 347
34 10
58 161
29 20
279 486
148 567
7 11
617 441
468 342
292 51
228 148
401 665
426 386
13 5
158 100
67 262
512 386
269 36
99 70
48 435
21 19
695 412
229 158
284 35
93 250
642 88
676 368
137 214
38 590
9 12
809 672
508 33
415 621
119 757
855 63
41 365
627 53
242 586
174 169
599 238
164 268
272 259
596 320
115 321
698 157
444 607
723 326
843 179
229 249
451 354
18 15
105 579
650 152
155 247
393 458
401 789
730 598
459 792
325 56
110 88
773 136
680 714
815 426
741 76
776 206
322 288
48 666
77 101
550 425
196 29
15 88
26 24
364 202
689 680
387 173
434 220
748 609
22 50
729 284
535 94
61 48
42 146
403 576
795 382
748 774
563 824
14 154
49 353
108 405
589 40
309 397
668 368
27 36
117 140
92 543
386 807
320 549
119 111
787 150
307 259
21 33
413 287
414 753
248 88
245 546
25 450
246 200
190 117
128 219
440 433
600 412
312 45
244 336
82 555
775 805
738 120
602 177
848 859
455 153
76 130
204 168
253 539
641 543
558 551
188 101
238 225
175 47
143 100
381 687
799 674
31 94
759 104
702 791
79 506
515 374
281 209
106 333
445 378
14 7
407 669
13 16
70 328
223 421
848 188
458 716
417 159
863 277
381 128
277 124
444 220
287 345
772 654
216 116
624 341
299 320
564 678
304 778
572 83
104 88
260 811
495 239
191 83
144 37
287 585
504 393
70 7
157 675
203 379
5 6
805 861
7 15
16 45
756 503
92 324
544 806
87 182
501 856
30 165
1 47
8 82
145 467
123 86
149 222
282 40
312 553
561 402
137 358
658 96
219 560
190 530
7 317
376 454
66 84
64 93
775 783
260 280
176 208
524 562
862 490
83 423
4 20
385 228
344 95
308 391
492 683
559 51
360 93
105 91
260 569
327 393
48 63
725 90
854 441
566 514
547 10
849 399
106 35
552 297
128 793
827 83
50 469
63 189
685 383
97 151
120 764
446 462
43 2
11 22
565 424
749 801
459 114
81 85
114 257
587 374
396 391
166 160
167 664
193 768
170 114
30 31
10 173
79 303
73 124
425 134
62 68
308 557
263 653
271 707
105 223
754 688
350 197
48 591
260 540
245 237
50 139
366 353
518 30
100 205
95 22
355 76
36 496
15 212
390 142
274 14
10 8
69 61
91 503
232 582
171 57
481 75
377 41
276 581
524 481
124 271
519 632
788 114
96 220
765 398
54 115
167 203
62 100
57 384
413 734
683 761
290 556
227 309
142 221
630 116
407 239
655 336
139 187
167 526
293 140
84 150
164 73
382 75
318 456
244 239
157 476
160 294
626 39
507 625
575 194
449 823
116 752
221 531
603 508
570 593
443 475
718 684
785 835
285 647
32 677
785 359
106 392
259 79
814 183
826 752
22 253
820 545
332 724
821 143
103 449
5 1
93 157
340 333
294 311
82 256
509 392
699 655
155 126
18 610
441 472
125 136
334 182
332 191
828 181
508 525
53 76
251 19
414 281
18 30
285 605
562 631
401 373
692 631
770 695
7 8
212 563
782 26
110 234
283 371
102 853
213 118
118 137
162 243
93 302
59 452
619 447
102 75
400 412
798 793
29 86
640 442
2 32
25 24
479 385
726 20
286 199
468 511
421 601
727 433
123 141
50 283
74 501
118 30
11 49
645 568
235 112
706 219
474 347
349 75
28 73
2 19
118 181
122 24
159 94
18 201
360 694
73 766
836 764
287 12
46 127
850 764
482 155
90 370
37 4
82 614
288 283
613 2
107 225
132 195
64 763
691 113
437 251
72 22
291 373
347 749
416 299
436 686
786 174
324 446
311 545
180 117
842 434
277 529
1 2
505 463
218 103
88 662
17 56
20 779
526 744
704 629
82 646
272 615
342 59
21 131
477 20
199 132
310 362
702 473
17 55
408 337
140 233
187 255
334 388
808 371
183 182
341 681
238 728
447 414
161 637
116 210
83 5
10 236
38 52
88 406
72 780
78 135
1 46
107 88
742 145
324 841
711 258
488 278
120 87
81 73
532 61
117 16
534 465
507 403
327 34
802 724
209 380
9 92
523 479
39 112
8 53
513 252
231 608
316 179
457 310
736 21
120 688
22 300
574 424
618 303
145 305
71 24
696 656
102 148
28 80
245 339
397 606
258 241
29 58
667 516
50 169
15 38
468 739
845 530
207 37
425 732
573 25
466 10
598 100
138 2
357 400
427 409
154 276
158 510
762 565
781 543
357 309
737 608
74 528
480 342
527 512
160 50
116 31
359 755
111 24
147 10
478 232
179 100
377 548
70 461
483 435
91 43
97 39
44 211
270 296
169 775
577 522
361 473
317 491
12 35
364 703
471 63
708 117
403 247
14 660
578 531
81 419
62 22
148 224
453 285
53 551
369 289
78 1
620 541
13 125
98 409
6 79
750 518
552 609
429 122
700 274
215 113
413 817
701 536
502 235
376 44
59 521
821 852
672 238
5 66
134 133
733 376
31 132
398 22
712 170
857 274
343 554
252 69
354 224
68 368
363 145
711 769
29 75
16 17
77 90
200 65
810 530
758 223
187 492
671 169
180 537
2 3
126 499
638 175
141 152
396 740
395 336
393 851
612 673
91 261
866 735
88 497
833 392
202 239
192 46
864 587
24 8
656 80
65 186
123 519
442 216
359 422
706 735
439 85
830 321
777 846
819 775
226 315
6 40
100 226
280 329
232 654
279 200
153 10
29 465
176 152
98 270
109 335
542 310
564 512
541 256
64 59
490 51
89 424
800 633
168 74
149 55
489 207
794 638
231 158
94 441
690 621
387 415
58 156
54 60
460 195
163 23
308 126
297 250
96 33
98 822
443 377
282 290
633 201
705 78
146 636
42 89
82 865
88 230
498 271
420 80
858 219
634 44
217 172
77 28
334 386
234 295
304 15
240 237
9 5
42 33
74 45
337 300
187 430
178 348
573 635
82 747
588 297
533 103
15 51
306 359
108 206
604 651
14 28
485 393
5 338
279 367
103 18
6 7
50 67
812 144
840 583
816 27
514 169
760 192
751 335
584 21
641 837
804 132
285 4
583 251
306 55
611 322
154 399
710 407
580 394
571 173
61 273
1 4
448 137
59 16
721 323
21 227
188 193
298 286
41 6
291 160
410 7
97 184
193 267
803 97
79 87
128 55
124 431
383 320
149 319
197 122
838 744
522 53
254 200
11 389
1 23
57 114
178 163
573 657
287 568
352 237
847 775
542 592
372 161
160 241
343 135
496 777
293 860
162 64
487 284
628 379
720 328
331 767
640 693
109 10
126 28
77 264
825 714
661 240
405 715
116 493
588 595
101 411
844 797
481 719
198 124
151 709
868 218
616 439
1 831
209 32
796 101
296 470
265 2
428 134
150 331
206 278
41 275
46 659
54 65
463 193
94 129
93 404
784 557
2 108
266 680
232 87
542 717
69 133
113 438
433 85